100047036
100047036
100047036
100047036
100047036
100512538
100512538
100512538
100512538
1005285
100541689
100836106
101257542
101502671
101877911
101990897
101990897
102914149
103626556
103917084
104248144
104318571
104318571
104360987
104360987
104360987
104360987
104360987
104360987
104360987
104360987
104360987
104360987
104981280
105109356
105109356
105145907
106240318
106240318
10670133
106745988
106791265
107028687
107281948
107757265
107757265
108403123
108613172
108613172
108613172
108613172
109276737
109363053
109585138
109782764
109782764
109782764
109782764
109782764
109782764
109782764
109782764
110292680
110332839
110780767
111257138
111257138
111513502
111513502
11163800
11163800
11163800
111688611
111850715
111850715
111850715
112023568
11204155
112081281
112646799
112646799
112960517
11315741
113185145
113531669
113602102
113602102
11362581
113810823
113810823
114000663
114424141
114743687
115065402
117036067
117036067
117036067
117274195
117321926
117522209
118508203
118508203
118508203
118616345
118616345
119148606
119148606
119148606
119161269
120026993
120446899
120536209
120536209
120536209
120731485
120877740
121809515
122467610
122676943
122923011
123026209
123797092
123797092
124225612
124789663
124832857
124941093
125474994
125627700
125804891
126004443
126004443
126004443
126004443
126616686
126736904
127021669
127179085
1277741
1277741
128046393
128260051
128260051
128260051
128371093
128462190
128474717
128504168
128504168
128504168
128993041
130125478
130125478
130125478
130380301
130380301
130380301
130380301
130380301
130380301
130380301
130380301
130380301
130881552
13097165
13141216
13141216
131697264
131766448
132067242
132067242
132067242
132326374
132453213
132554845
132566495
132566495
132646905
132646905
132646905
132712094
133052120
133256224
133325425
133456881
134579525
134579525
134579525
134579525
134741019
13526192
13526192
135404863
135404863
135404863
135588724
135982548
136010849
136010849
136010849
136010849
136914857
136914857
136966982
136966982
137471145
137917341
137917341
138697351
138697351
138786550
138786550
138786550
138989481
139614343
140274974
140639925
140639925
140639925
140639925
140639925
140639925
140639925
140639925
140639925
140639925
140953462
141395379
141395379
141395379
141395379
141395379
141950023
142020743
142020743
142020743
142066990
14233095
142531668
142531668
14261006
142659384
143313415
143353260
144324129
144324129
144324129
144324129
144324129
144324129
144324129
144324129
144324129
144324129
145814352
147054708
147054708
147054708
147054708
147054708
147054708
147054708
147054708
147054708
147054708
147753191
148127986
148127986
148127986
148127986
148127986
148127986
148127986
148127986
148127986
148445542
148705799
148705799
148705799
148705799
149073139
150581703
150581703
150581703
150582787
151669191
152178043
152484099
152484099
152484099
152484099
152484099
152666684
152781040
152781040
152781040
152781040
152797556
153296191
153296191
153470910
153597720
153810577
153810577
153810577
15442588
154442026
154641780
154641780
155319368
155319368
155319368
155458601
155458601
155599171
155730994
155730994
155730994
156086007
156264553
156264553
156348512
156348512
156740039
156740039
157605040
157754728
157754728
157985857
158097152
158271858
158271858
158271858
158271858
158694092
158822924
159561158
161060786
161060786
161411385
161411385
161499503
16203310
16203310
162225088
162315742
162354237
162354237
162354237
162354237
162364288
164239950
164798451
165094332
165248566
165248566
165338194
165338194
165338194
165338194
165441355
165441355
165559862
166267031
166408515
166408515
166408515
166408515
166408515
167109816
167774298
167787292
169087862
169570032
169791471
169791471
169791471
169791471
169791471
169791471
169791471
169898603
170170416
170170416
170904405
170904405
170904405
170904405
17146931
17146931
171978531
172233306
172233306
172233306
172233306
172233306
172233306
172233306
172233306
172233306
172477008
172736762
172799737
172799737
172799737
172799737
172799737
172799737
172799737
172799737
172799737
172799737
172799737
172799737
172799737
173322948
173475712
173475712
173475712
173751666
174832152
174964168
175332507
175463472
175488699
175488699
175488699
176040479
176045964
176579607
176842910
1770475
177893655
178375143
178375143
178375143
178886065
179027143
179027143
179027143
179027143
179974875
180860858
181152772
181603380
182319267
182348768
18309293
183194229
183194229
183571812
183642185
183915471
183915471
183970128
184379661
186189824
18630736
18630736
186739157
186739157
186739157
187061818
187668969
188274690
188274690
188976826
189552705
189565917
189565917
189568018
190063410
190289433
190634853
190634853
190634853
190634853
191181064
191287839
191313334
191341525
191341525
191341525
191341525
191341525
192026714
192335505
192377568
192426682
193148503
193148503
193188380
193295427
193295427
193295427
193302200
193302200
193302200
193827947
193955567
19426764
19426764
19426764
194505384
194531065
194578547
194810225
194944851
195554088
195669058
195719049
195719049
195719049
195735753
195735753
195735753
195769528
196679922
19679751
196833387
196871275
197874660
198764347
199007820
199105895
199105895
199160755
199737125
199753377
199753377
199761681
199761681
199830611
199830611
199830611
199830611
200571274
201087508
201134370
201134370
201134370
201134370
201343990
201899660
202243490
202288015
202333446
202426173
202640400
203431969
203465797
203855508
204236853
204284219
204284219
204468585
20473810
204768165
204870308
205149289
205149289
205149289
205379158
205564826
205785288
205785288
206054045
206187931
206193712
206193712
206449098
206449098
206449098
206450753
20693436
20711126
20711126
20711126
207372259
207372259
207716133
20773668
20773668
208059136
208059136
208059136
208059136
208059136
208953261
208953261
208987230
210046927
210436825
210926862
211383699
211383699
21189428
212334449
212816525
212962514
213092180
213585848
213667509
213667509
214032513
214037383
214775024
214775024
214775024
2170228
217480710
217499613
21936933
219777348
219777348
219777348
219777348
219863120
219993862
219993862
219993862
219993862
219993862
219993862
220621993
220621993
220621993
220621993
220751910
220751910
220751910
220872502
220891403
220965776
220965776
221135637
221135637
222061624
222172186
222246774
222490343
22268474
222797251
222943387
223143825
223143825
223419215
224139336
224139336
224139336
224139336
224139336
224139336
224146777
224529197
224546012
224546012
224546012
224546012
224546012
224649816
224883138
225313210
225472
225572460
226649058
226649058
226740405
227075962
227075962
227075962
227075962
227079026
227677211
228504425
229079282
229656254
230461730
230525282
230664829
230943345
232317412
232507773
233289565
233404951
233404951
23429699
235590914
235590914
235619778
235619778
23659387
23842076
23842076
238463211
238463211
238463211
238994695
239172021
239570695
239570695
239827645
240116758
240481447
240949428
241285325
24132330
241676942
241676942
241785351
241785351
241785351
241785351
241785351
241785351
241785351
241785351
241785351
24245546
24245546
24245546
24249899
24249899
24249899
24249899
242574727
242596904
242596904
242596904
242596904
242596904
242596904
243097701
243657408
243657408
243657408
243657408
243657408
243657408
244559786
244904022
245061035
24531470
245356090
245425611
245425611
245449872
245449872
245449872
245449872
245449872
245449872
245449872
245449872
245449872
245449872
245449872
245449872
245449872
245449872
245449872
245449872
245449872
245449872
245449872
245449872
245449872
245449872
245449872
245449872
245449872
245449872
245449872
245449872
245449872
245449872
245449872
245449872
245449872
245449872
245449872
245449872
245449872
245449872
245449872
245449872
245449872
245449872
245449872
245449872
245449872
245449872
245555180
245647449
246201037
246396689
246431032
246692402
246692402
248300163
24907154
24907154
24907154
249510863
249794472
249794472
249794472
250189467
25028573
25028573
25029054
25029054
251269761
251345727
251445588
25170610
25170610
25170610
25170610
252503117
252503117
252503117
252763937
252807323
252825747
253828567
254488062
254488062
254488062
254488062
254938577
255137298
255395670
255395670
255901827
257248854
257248854
257857793
257884456
258212292
260194706
260363984
260363984
260858249
260950295
261534602
261534602
261556547
262367368
262600610
262841060
262841060
262841060
263046246
263046246
263046246
263046246
263046246
263046246
263046246
263046246
263046246
263046246
263154361
263154361
263154361
263154361
26334936
264716684
264896230
264896230
264896230
264896230
264913158
265040255
265040255
265040255
265040255
265040255
265040255
265040255
265040255
265040255
265040255
265040255
265040255
265040255
265040255
265040255
265040255
265040255
265040255
265040255
265040255
26513432
265648700
266911588
266911588
266911588
266911588
266911588
268067011
268067011
268067011
268067011
268067011
268067011
268067011
268067011
268067011
268067011
268067011
268067011
268067011
268283262
268510539
268943254
269383835
269687228
269687228
269687228
270144228
270457256
270786097
271429756
271429756
271429756
271429756
271429756
271429756
271429756
271429756
271429756
271429756
271429756
271429756
271429756
271429756
271429756
271429756
271429756
271429756
271429756
271965973
272088925
272231685
272479576
272798763
272798763
273127372
273127372
273127372
273127372
273127372
273127372
273127372
273127372
273127372
273127372
273127372
273127372
273127372
273127372
273239820
273239820
273239820
273722589
274135743
274173400
274604361
274604361
274604361
274946566
274946566
274946566
274946566
274946566
274946566
274946566
274946566
27502062
275184260
275786765
276032073
276032073
276133805
276394270
276394270
276394270
276394270
276394270
276394270
276394270
276394270
276703360
276973627
277038725
277038725
277038725
277153370
277335936
277335936
277335936
277335936
277335936
277335936
277873677
278368308
278368308
278368308
278393268
278393268
278393268
278393268
278393268
278393268
278393268
278393268
278393268
278393268
278393268
278393268
278393268
278806060
278942821
279307325
279863070
280023223
280072987
280074210
280243207
280573462
280647622
280654570
281043357
281112310
281112310
281771294
282676542
282879503
283264319
28353277
283713776
284375861
284537478
285093403
285093403
285538061
285538061
285766066
286403406
286542630
286542630
287179638
287232872
287235955
287235955
287459776
287541401
287541401
287541401
287541401
289287264
289528938
290140253
290976617
290976617
290976617
290976617
290976617
290976617
290976617
291187518
291447368
291447368
291917797
292298346
292637331
292637331
2927274
29303157
293571221
293956403
294246694
294246694
294246694
295509404
29559888
29636221
296397639
296926666
29705945
297611523
29764679
2977882
298194806
298263577
298263577
298263577
298263577
299197568
299936718
300096985
300096985
300475750
30109146
301265489
301327392
301645573
301648434
302227008
302603676
303003934
303485145
304141589
304394179
304394179
305141669
305442744
305823770
307438354
307625827
307625827
307681922
307844923
3080012
3080012
3080012
308083693
308083693
308083693
308083693
309096838
309710589
30996242
310445869
310957228
311054036
311630278
311878254
311878254
312298159
312535796
312605089
313232763
313262933
313696235
313696235
313696235
313696235
313696235
314159245
314318405
314605467
314667572
314824652
314824652
31486701
314993871
315264404
315264404
315416156
315416156
315416156
315416156
315470925
315470925
315470925
315684018
317392451
317392451
317544743
317544743
317547202
317675303
317775302
317776728
319041562
319177215
319706203
319972909
320154727
32055653
32055653
320666006
3210207
3210207
321644181
321879985
321919539
322592100
32292941
323223296
323223296
323223296
324116661
324116661
324116661
324116661
324116661
324449729
325049400
325049400
325149251
325149251
325149251
325149251
325220078
325299174
325818347
325991288
325991288
326848133
326848133
326848133
326848133
326848133
326848133
326848133
326848133
326848133
326942306
326942306
328235297
328235297
328975093
328975093
329073611
329370126
329372949
329436170
329457872
329595013
32962627
330117464
330830489
331009237
331564863
332138679
332138679
332138679
332138679
332949237
332949237
332949237
333044434
333044434
333044434
333044434
333044434
333044434
333359360
333371462
333371462
333371462
334917939
335265721
335319964
335763520
335815469
33679552
337033298
337033298
337091479
337184008
337338915
338391747
338391747
338391747
338442261
338442261
339242307
339916413
340622647
340684550
340684550
341957511
34200022
342491602
343185803
343185803
343185803
343185803
343185803
343185803
343185803
343185803
343185803
343185803
343185803
343185803
343185803
343185803
343185803
343185803
343185803
343185803
343185803
343185803
343185803
343185803
343185803
343185803
343185803
343185803
343185803
343185803
343185803
343185803
343185803
343185803
343185803
343185803
343185803
343374602
344489539
345007076
345007076
345007076
345007076
345007076
345007076
345007076
345007076
345007076
345007076
345032158
345032158
345200515
345456653
345456653
345456653
345456653
345456653
345456653
345873941
345873941
345876674
345967318
346106080
346530310
346530310
346985014
347274879
347609100
348227423
348572516
349778282
349778282
349778282
349778282
349778282
350033617
350376070
350376070
350376070
350376070
350376070
350846402
351416036
351620851
351620851
352206639
352206639
352206639
352206639
3523229
352404437
352473021
35247595
35312443
3534159
353767441
353767441
354037466
354573823
354573823
354785034
355177909
356134546
35796752
358126553
358126553
358126553
358126553
358126553
358126553
359024364
359024364
359342335
359342335
359966675
360160474
361766394
361766394
361927982
36215520
362231520
362231520
362621454
362925721
362925721
363420125
363585395
363585395
364017264
364017264
364017264
364017264
364017264
364052641
364248145
36488461
36488461
36488461
36488461
36488461
36488461
36488461
36488461
36488461
36488461
36488461
364983897
364983897
364983897
365202529
365698290
366071566
366130389
366130389
366130389
36653526
36653526
36653526
36653526
36653526
36653526
367191595
36754643
36754643
368372975
369285281
37003538
37003538
370206005
370420344
370420344
370420344
370420344
370420344
370420344
370420344
370420344
370420344
370420344
370420344
370420344
370420344
370619476
370662706
370875391
371110390
371110390
371110390
371110390
371110390
371110390
371168051
371168051
371347410
371559044
371750745
37223022
372327958
372327958
372327958
372793173
372936156
373105656
373105656
373482818
373482818
373482818
373845762
374102074
374170167
374625935
37602520
37602520
37602520
376350841
376609974
376609974
376609974
37669269
376802194
37704104
377104494
37732123
377550314
377550314
377550314
377738001
377797162
378860404
378860404
379152220
379152220
379287008
380266608
38096754
38096754
38096754
380999951
380999951
381094648
381338352
382229629
382399391
382448153
382448153
382448153
382448153
382482612
382868174
383006546
383229535
383635971
383986439
384352211
384352211
384352211
384352211
384373789
384417902
384700142
384800290
384825610
384844051
385578941
385696165
386232840
386232840
386512526
386512526
386754346
386754346
386764495
386765193
387216150
387216150
387216150
387357199
387357199
387357199
387357199
387357199
387357199
387357199
388829013
388874255
38900905
38903738
389404448
390250393
390508048
390815377
391268175
39144792
39144792
391529856
39162938
39162938
392065442
392187356
39220992
392232154
392307369
392730586
392730586
393238365
393507760
393507760
394181269
394216645
39495389
395066629
395066629
395185737
395632662
395632662
396193392
396193392
396596609
397268138
397545392
397545392
397576776
397576776
397929536
397972384
398174964
398174964
398174964
398648381
399036885
399064977
399135440
399135440
399135440
399135440
399135440
399135440
399135440
399135440
399135440
399135440
399135440
399636923
400840444
400840444
400840444
400840444
400840444
400840444
400840444
400840444
400840444
400840444
400840444
400840444
401186588
401186588
40135600
401439625
401439625
401439625
401439625
401439625
401439625
401451117
401738691
401738691
401864376
401864376
401864376
401869043
401962608
40197177
402116802
402411801
402411801
402968345
403152578
403479736
404458421
404458421
404640137
404640137
404640137
404640137
405163866
405163866
405163866
405489275
40579432
405822024
405971410
405971410
405971410
405971410
406597879
406597879
406597879
406597879
40660781
406721002
406721002
406996821
40709061
407393030
407523545
408140508
408640612
409016811
409222482
409346534
409346534
40970689
40970689
40970689
410362762
410760130
410760130
410890637
412586892
412997597
414375933
414486782
414486782
414486782
414486782
414486782
414486782
414486782
414486782
414486782
414486782
414486782
414486782
414486782
415286031
41572522
41572522
41572522
415740513
41584107
41584107
415924114
415924114
415924114
415942087
416198227
416624720
41807256
418107642
418181001
41856792
419098099
41950467
419595190
419825081
41984783
420303305
42050432
420790741
421259463
421481142
421596811
421596811
422504338
422529047
422529047
423318367
423318367
423318367
423318367
423318367
423318367
423318367
423318367
423318367
423915221
423959515
424108875
424193561
425165783
425362981
425797184
426267420
429411831
430284718
430585753
430721547
431180473
431340120
4323927
4323927
432951987
433049694
433082915
433082915
433252283
433252283
434155226
434155226
434290834
43441593
43441593
434546069
434546069
434546069
434911999
434911999
434911999
434911999
435106875
435106875
435106875
435106875
436043288
436223062
436223062
436223062
436223062
436381860
436582447
436582447
436582447
436582447
436582447
436582447
436582447
436582447
436614088
436698575
436698575
436698575
437796829
437955128
438645704
438645704
438923809
438967477
438967477
438967477
438967477
440336423
44034493
44034493
44034493
44034493
441586413
441658764
441968761
441968761
441968761
442467296
442467296
442467296
442467296
442467296
442467296
442467296
442492674
443095254
443634911
443780368
443780368
44443896
444469358
444469358
445905602
446061669
446061669
446161988
446279348
446906754
447269687
448242985
450534778
450534778
450583522
450583522
450641403
451025339
451025339
451129557
451814763
452079389
453871988
453985156
453985156
454338914
454665546
454726025
454769764
454931427
455223211
455582463
456654618
456953883
456953883
456953883
456953883
457279095
457877405
457877405
458329406
458864358
459257207
459483513
459483513
459483513
459613388
459613388
459613388
459613388
459613388
459613388
459613388
459613388
459613388
459613388
459613388
459613388
459613388
459613388
459613388
459613388
459613388
459613388
459613388
459613388
459613388
459613388
459613388
459613388
459613388
459613388
459613388
459613388
459786577
459979615
459979615
460269617
460392862
461527938
462084248
462394342
462841490
462841490
46324555
46324555
46324555
46324555
46324555
46324555
46324555
46324555
46324555
46324555
46324555
46324555
46324555
46324555
46324555
46324555
46324555
46324555
46324555
46324555
46324555
46324555
46324555
46324555
46324555
46324555
46324555
46324555
46324555
46324555
46324555
46324555
46324555
46324555
46324555
46324555
46324555
46324555
46324555
463458685
463458685
463463286
463783108
464759152
464759152
464759152
465127755
465996227
466464022
466464022
466708706
466708706
466708706
466708706
466708706
466708706
466708706
466708706
466909308
467220541
467241292
467243338
467409231
467615522
467615522
467615522
467615522
467861252
468448783
468695177
468752819
469333733
469333733
470095346
470143725
470143725
470421350
470946846
470946846
470946846
470946846
471378445
47184235
472324974
472324974
472324974
472324974
472324974
472324974
472494397
472494397
472619578
472619578
472619578
472619578
473764126
473764126
473764126
473764126
473764126
473764126
473764126
474009443
47414373
47414373
474209456
47435477
474420279
474536196
474654167
474654167
474654167
474654167
474654167
474862339
475035706
47504452
47504452
47504452
47504452
47504452
47504452
47504452
47504452
47504452
47504452
47504452
47504452
47504452
47504452
47504452
475147974
47525349
475611047
475611047
475611047
475611047
475611047
475611047
476505905
476810917
477135068
477457103
477457103
477457103
47818414
47818414
478197837
478324806
479109259
479521754
479521754
479521754
479588170
479653489
479690331
479690331
479775073
479860807
479864383
480391971
48042970
481160368
481160368
481677245
482885520
482885520
483124263
483124263
483124263
484203895
48429356
48429356
484365442
484638351
484723035
485062705
485297978
485491053
485508157
485508157
485974423
486427619
488246640
488246640
488246640
488246640
488246640
488246640
488246640
488246640
488246640
488246640
488246640
488246640
488246640
488246640
488246640
488246640
488246640
488246640
488246640
488246640
488246640
488246640
488246640
488246640
488246640
488246640
488246640
488460791
488460791
488485465
488844034
488844034
490050721
490050721
490050721
490100759
490387818
490387818
490387818
490520805
490520805
490904244
492098176
49269248
493045575
493823433
494621079
494691696
494691696
495213186
495218764
495504924
49567875
49567875
49567875
49567875
49567875
495882719
495947288
495947288
496520461
496520461
496520461
496733881
496733881
496733881
496733881
497190707
497365841
497894505
497987711
498232276
498498058
498635851
498715357
498715357
49903503
499841016
499988514
500377438
500377438
500607622
50082209
50082209
500825787
500825787
500825787
501514907
501654092
502570587
502570587
502638185
502638185
502952569
503057596
503057596
503057596
503057596
503105774
503712295
503903989
504090178
50461486
504741601
504881597
505469654
505703093
505814004
505814004
506190668
506443868
506443868
506443868
506477919
506590385
506590385
507089115
507661724
508294851
508343608
50861192
508730070
508982276
509198684
509283340
509387438
509425651
509828869
509828869
510122520
510897115
511050040
511419057
511543866
511543866
511763438
511763438
511763438
512481285
512582107
512582107
512603618
513071024
513340343
513358113
513423055
514567553
514778432
514940909
514940909
514940909
515227012
515671301
515671301
516395475
516548029
51729933
517637909
517637909
517719547
517776019
518868881
518868881
518868881
518868881
519073536
519073536
519073536
519073536
519073536
519073536
519073536
519073536
519073536
519315001
519570206
519845136
520224175
520653340
520653340
520653340
520653340
520653340
520653340
521051768
52119370
52119370
521417990
521417990
521417990
521783231
522061436
523031098
523489480
523489480
523639918
523706930
523706930
523706930
523706930
523706930
523836797
52387917
52387917
524325042
524378416
524777761
524880766
525373071
525718518
525718518
525796664
526357477
526357477
526611307
527249565
527249565
527249565
527249565
527249565
527249565
527704668
529140584
529664575
529664575
529664575
529664575
529664575
529698432
530035773
530546487
530546487
530546487
530546487
530546487
530546487
530546487
530861351
530861351
530977710
530977710
530977710
531102919
531102919
531102919
531102919
531102919
531102919
531125705
531125705
531535872
531642825
53241117
53241117
532760804
533375259
533375259
53348357
53348357
53348357
533760036
53453495
534555732
534568128
534568128
534568128
535517408
535676237
535750888
535832345
535832345
535832345
536113016
536113016
536708224
536757221
536757221
536757221
536757221
536757221
537764895
537951826
53815042
53815042
538471448
538573739
538573739
538789169
539386989
541531065
541673691
541673691
54239103
54239103
542814625
542814625
543326889
543536079
543536079
543615555
544914369
545270466
545270466
545270466
545270466
545270466
545908482
546505387
546518556
546563142
546923653
547219631
547219631
54731350
547677342
549037433
549078163
549456361
549456361
549456361
549456361
549605255
549614167
54983106
54983106
549999518
550558183
550558183
550966368
550966368
551005158
551005158
551005158
551005158
552668905
552668905
553080263
553316678
554154562
554601750
554689414
55490378
55490378
556088528
556487837
557379745
557379745
557379745
557638738
558056110
558143018
558143018
558420564
558420564
558573956
558593095
558593095
559187375
559187375
559943008
559947692
560815997
561287091
561287091
561287091
561457163
561457163
561648067
562059783
562376836
562826498
563308403
56346466
563493958
563493958
564071965
564071965
564071965
564105399
564884353
565955686
566049011
566726433
566726433
568270225
568859470
568859470
568997377
568997377
569156287
569156287
569156287
569156287
569156287
569156287
569156287
569156287
569156287
569156287
569156287
569156287
569156287
569156287
569156287
569156287
569391254
569473707
569741360
570285468
570285468
570285468
570285468
570435481
571991893
572495097
573107044
574436645
574469255
574526322
576005631
576291863
576844294
576844294
576844294
576844294
576844294
576844294
576844294
576844294
576844294
576879046
576986877
577005549
577362618
577423056
577507568
577541669
578182527
578182527
578520888
578520888
578520888
578520888
579488546
579490211
579560912
579560912
579560912
580118725
580222926
580463402
581643936
581643936
582241257
582629146
582629146
582629146
582629146
582629146
582629146
582629146
582629146
582629146
582629146
582629146
582629146
582629146
582629146
582629146
582629146
582629146
582629146
582629146
582629146
582629146
582629146
583199473
58345096
583507183
583530432
583611354
583675969
584084882
584356882
584471375
584503127
584503127
584503127
584503127
584503127
584711780
585109048
585109048
585109048
585109048
585467942
585880822
585880822
585939348
586361658
586361658
586361658
586361658
586361658
586361658
586361658
586361658
586496321
586496321
586496321
586496321
586496321
586496321
586496321
586496321
586496321
586884590
586990239
587460570
587492563
587983068
588011834
588011834
588487741
588556248
588640480
588798417
588798417
588860149
589013680
589013680
589240061
589847085
589962776
589962776
589962776
590275611
590875066
590889318
591254031
591403306
591539523
591539523
591539523
591539523
591593103
591651540
591870956
592331046
592331046
592331046
592331046
592331046
592331046
592455916
592774530
592889082
593367180
593367180
593367180
593367180
593367180
593911119
594727865
594727865
594727865
594825616
594825616
594825616
594825616
595015830
595028344
595236995
595573672
595661111
595899642
596558217
596558217
596558217
596831422
597703748
598137569
598374935
59858799
598713773
598754847
598754847
599109774
599109774
599131618
599809487
600191340
600191340
600191340
600633062
600633062
600633062
600633062
600633062
600633062
600633062
600633062
600633062
600633062
600633062
600633062
600633062
600633062
600633062
600633062
600633062
600633062
600633062
600633062
600633062
600633062
600633062
600633062
600633062
600633062
600633062
600633062
600633062
600633062
600633062
600633062
600633062
600633062
600633062
600633062
600633062
600633062
600633062
600633062
600633062
600633062
600633062
600633062
600633062
600633062
600633062
600633062
600633062
600633062
600633062
600633062
600633062
600633062
600633062
600633062
600633062
600633062
600633062
600633062
600633062
600843241
600843241
600843241
60116006
60116006
60116006
601329925
601471793
601608572
602541198
603038172
603081829
603106378
603106378
605175921
605389316
605389316
605389316
605389316
605389316
605389316
605389316
605389316
605389316
605389316
605389316
605389316
605389316
605389316
60567340
606319120
607110877
607348878
608143539
608143539
608143539
608155337
608876717
608876717
609339216
609815143
609815143
609869414
610030546
610153646
610193099
610193099
610193099
610343583
61059309
610859907
610952534
610952534
611378783
611378783
613022525
613127728
613360433
613754633
614109319
61540735
615885076
615885076
615885076
615885076
615885076
615885076
615885076
615885076
615885076
615885076
615885076
615885076
615885076
615885076
616430793
616963071
616977006
616977006
616977006
616977006
616977006
617252870
617252870
617252870
617252870
617266726
617266726
61739223
61749643
617932423
618210693
618541763
618772576
618772576
619443771
619443771
619443771
620521357
620521357
620521357
620521357
620521357
620521357
620680702
62089075
620954737
620954737
62108862
621104807
6213846
6213846
6213846
6213846
6213846
6213846
6213846
6213846
6213846
6213846
6213846
6213846
6213846
621498990
621608788
621625599
621850443
622060881
622118788
622694497
623281588
623336330
623336330
623343977
624269601
624269601
624587955
624587955
624587955
624825968
624825968
625051637
625277442
625396528
626300995
62690672
62690672
62690672
62690672
62690672
62690672
62706984
62706984
62706984
62706984
627214462
627223385
627793267
627793267
627793267
627793267
627793267
627793267
627793267
627793267
627793267
627793267
627793267
627793267
627793267
627793267
627793267
627793267
627793267
628100476
628265071
628269477
628323037
62832863
62832863
628397998
628517067
628517067
628517067
628517067
628625166
629107953
629652945
630304580
630304580
630304580
630304580
630707017
630820109
630820109
630820109
630820109
630820109
630820109
63083279
63083279
631729024
631729024
631729024
632021160
632021160
632021160
632021160
632021160
632021160
632021160
632060708
632083429
632364880
63372536
633905951
634665906
634809679
634926544
635086986
635086986
635086986
635355086
635355086
635355086
635355086
635355086
635355086
636415736
636860937
636860937
636957473
637256856
637401079
637796734
638351385
638644935
639023000
639057527
639451680
639451680
639648907
640667836
640777328
640785827
640985512
6413212
6413212
641692200
642059001
642059001
642909173
643077794
643077794
644256450
644256450
644256450
644479430
644591390
645193735
645382359
645431813
645431813
645970389
645970389
645970389
645970389
645970389
645970389
645970389
645970389
645970389
645970389
645970389
645970389
645970389
647130552
647130552
647130552
647130552
647130552
647130552
647130552
647475881
647475881
647475881
647917628
64825268
64825268
648476560
648952030
649313067
649781506
649794517
64985570
650376702
651088636
65153156
652741483
652741483
652741483
653373588
653409458
654065563
655343360
655343360
655422535
655853734
655858381
655914396
656011534
656071254
656381957
656518451
656533858
656533858
656999691
656999691
657488375
658059573
658059573
658540955
658817494
659245091
659245091
659245091
659245091
659654311
660447839
660625820
661176713
661195539
661195539
661195539
661195539
661195539
661195539
661323814
661349080
661349080
661349080
661349080
661839716
661839716
661839716
661839716
661839716
661839716
661842587
661882143
661902219
662100994
662100994
662269923
662300564
662530901
663015291
663015291
663015291
663167148
663780908
663935341
663935341
663935341
663935341
663935341
663935341
663935341
663935341
663935341
663935341
664245088
664245088
664245088
664245088
664245088
664245088
664417114
664622978
664654795
664705203
664775757
664775757
664817538
664982323
665298688
665387440
665387440
665387440
665387440
665387440
665387440
665387440
665402328
665813273
665813273
665995003
666029716
666588572
666588572
66691564
667399074
667635859
667635859
668101000
668101000
668148741
668206727
668206727
668386410
668600780
668600780
668600780
66877953
66877953
66877953
66877953
669448349
669448349
6696857
669741238
670041364
670315206
670315206
670315206
670449454
670879281
670988481
670988481
671553677
671678446
671678446
671891793
672024888
672024888
672024888
672024888
672024888
672024888
672450507
672779469
672855451
672855451
672965098
673655494
674057260
674569455
674569455
674889845
67489912
67489912
67489912
674964264
674964264
675196260
675513042
676028219
676028219
676028219
676714541
676714541
676714541
676714541
676714541
676714541
676739986
676751947
677355216
677355216
677355216
677355216
677999675
678308989
678332854
678427290
678427290
678579754
678587143
679184036
679247557
679670407
679847580
679945784
679945784
67996643
68000567
68000567
68069365
681026671
68125717
681753013
681790048
681790048
682981764
682981764
682981764
682981764
682981764
682981764
682981764
682981764
682981764
682981764
682981764
682981764
682981764
682981764
682981764
682981764
683131749
683131749
683714491
683714491
683714491
684441710
684441710
684717018
685230282
685230282
685230282
685230282
685230282
685335564
685635889
685653138
685653138
685653138
687235124
687235124
688013298
688219998
688413450
688413450
688413450
688413450
688862635
689067271
689067271
689710544
689710544
689880460
689880460
689880460
689880460
69013933
69013933
69013933
690824381
690824381
690824381
690824381
690824381
691764909
692220191
692419798
692503064
692718196
693138560
693403515
693500238
693545359
693545359
694156361
695098836
695224095
696104758
698075644
698150621
698161422
698161422
698161422
6986664
699704400
700069876
701197821
701271305
70172076
701772975
702133742
702228443
702631618
702791838
702791838
70317934
703704052
703918329
704177742
704186679
705757959
70666607
706673064
706673064
706673064
706673064
706673064
708559940
709005960
709005960
709210943
70967757
70967757
70988803
710018450
710124392
710319176
71050849
710580870
711431579
711431579
711654099
711654099
712432151
712432151
712432151
712432151
712432151
712432151
712432151
712432151
712604273
712681153
713569235
714033280
714822857
715007189
715081984
715581077
715581077
715581077
716231003
716335547
716335547
716335547
716335547
716335547
716335547
716335547
716335547
716335547
716687953
716687953
716687953
716902798
71750325
717702120
717702120
717702120
717702120
717962240
71799385
718237451
718534337
718553378
719165743
719165743
719455430
719455430
719712714
720208609
721431789
721642833
721926847
721926847
721926847
721926847
721926847
722210674
722253305
722253305
722686796
723085334
723085334
723085334
723085334
723085334
723085334
723085334
723085334
723085334
723085334
723768527
723768527
724038378
724086367
724223876
72450968
724791075
724791075
724962046
725166401
72517193
725274671
725921593
726270613
726968599
726968599
727252713
727252713
727252713
727294557
727294557
727425984
727425984
727425984
727425984
727576641
728158478
728537303
728897218
728897218
728897218
729088587
729577583
729770328
730097545
73035519
73035519
730423872
730756953
730756953
730756953
730832242
731000270
731430286
731690534
731690534
731856548
731856548
731881208
731881208
731881208
731881208
732359014
732512017
733405472
733562563
733562563
733594725
733771907
734819982
73495825
73497746
73497790
735340402
73538310
73538310
736777616
736777616
736777616
736777616
736777616
737470244
737470244
738043620
738158047
738158047
738261988
739315173
739315173
740972536
741398792
742155791
742155791
742690214
742690214
74316555
743288076
744358973
744411094
744671062
74476397
74479503
744807844
745272701
745272701
745313603
745313603
745313603
745379264
745613622
745948662
746156682
746156682
74623610
74623610
74623610
747588045
747632124
747947908
747947908
748629242
748824794
748824794
748869868
748869868
748869868
748869868
748869868
748869868
749347117
750174226
750174226
750174226
750174226
750174226
750254307
750254307
751080608
751246504
751492210
751663538
751663538
751929071
751929071
751929071
751929071
751929071
752212580
752212580
752212580
752212580
752212580
752212580
752472044
752548767
752548767
752548767
753166299
753166299
754053510
754138834
754219130
754228991
754869414
755132112
755132112
755132112
755132112
755132112
755132112
755132112
755132112
755132112
755132112
755132112
755651092
755888609
756024628
756230011
756230011
756230011
757136861
757136861
757136861
757136861
757136861
757185098
757185098
757202356
757202356
757508657
757541831
757683089
757683089
757683089
757815525
757843869
758174477
758174477
758174477
758174477
758174477
758174477
758285112
758289517
758289517
758289517
758289517
758289517
758289517
759535361
75979225
75979225
75979225
75979225
75979225
75979225
75979225
75979225
759941590
759959186
760278260
760330529
761300665
761318114
762396639
762419931
762590339
762590339
762590339
762590339
762590339
762590339
762590339
762590339
762590339
762721278
764004361
764225016
764225016
764225369
764423438
765031887
765128252
765128252
765128252
765128252
765344480
765817519
765817519
765817519
766650387
766780411
766780411
766780411
766861888
766861888
766861888
766861888
766861888
766861888
766861888
766861888
767134712
76742616
76742616
76742616
76742616
767900042
7684848
768691620
768691620
768691620
768794259
769147551
769235279
769273676
769273676
769273676
769273676
769273676
769273676
769381013
76952831
769597820
770088543
770088543
770088543
770088543
770088543
770088543
770088543
770088543
770088543
770088543
770088543
770088543
770088543
770088543
770088543
770088543
770088543
770497487
770497487
771102408
771301718
772457119
772698479
772761379
7736293
773934124
774084728
774192979
774192979
774216249
774379680
774379680
775349279
775349279
775843881
775843881
775843881
77682141
77682141
77682141
77682141
778137231
779021042
779136353
779238062
779856676
779873629
779873629
779873629
779873629
779873629
779873629
779873629
779873629
780153659
780302507
780302507
780302507
780302507
780437054
780437054
780508966
780632822
780632822
780632864
780632864
780632864
780863672
780863672
780863672
78132355
78132355
781343181
781343181
781343181
781343181
781343181
782073252
783403611
78357325
783718869
784047696
784047696
784083581
784083581
784083581
784083581
784083581
784083581
784083581
784083581
784206304
784206304
784206304
784206304
784206304
784267948
785547796
785754494
787190572
787266342
787583009
787682184
788072628
788088554
788088554
788088554
788088554
788088554
788088554
78818464
788616730
788616730
788616730
788744228
789136653
789289309
789289309
789289309
789538805
789538805
789548750
789730725
789800606
789800606
789800606
790008456
790209359
790221947
790221947
790221947
790221947
790221947
790221947
790221947
790346031
790550367
790669098
790856010
790856010
79142420
791756820
791846859
79202028
7920965
7920965
7920965
792749619
793658361
793658361
794170346
794235941
794235941
794706430
794706430
794901782
794960185
795111371
795111371
795111371
796201262
796265984
796341124
796341124
796529195
796780795
797142769
797142769
797310244
797310244
797310244
797383488
797482651
797661865
797661865
798072672
798346352
798346352
798420614
798420614
799437768
799842383
799895524
799895524
799895524
799895524
799903483
799932145
799932145
799932145
800032943
800032943
800032943
800032943
80012222
800629893
800758079
800758079
800876216
800876216
800876216
801147302
801147302
801299858
801330299
801692097
801837857
801837857
801837857
801837857
801837857
80223098
802369838
802527567
802853609
803172158
803172158
803172158
803172158
803172158
803172158
803172158
803172158
803172158
803172158
803172158
803172158
803172158
803172158
803172158
803881125
803919143
803981632
803981632
803981632
803981632
803981632
803981632
803981632
805377466
805528093
807441615
807463691
807463691
807463691
807463691
807463691
807463691
807565333
807565333
807639170
807639170
807639170
807639170
807639170
807639170
807639170
808999178
809369821
810173298
810682055
811539537
811859957
811859957
811859957
81198786
81198786
812933557
812933557
813301864
81389045
814164955
814164955
814377521
815066415
815066415
815066415
815364313
816035485
816153289
816617040
817294609
817837474
818128692
818294901
818379150
819782793
82022384
820419992
820419992
820419992
820419992
820419992
820817223
821592226
821592226
821668508
822287564
822287564
822500364
822560202
822720674
823294553
823629472
823629472
823829298
823829298
823829298
824349893
824349893
824894150
824902601
825346055
825346055
825346055
825691170
825691170
825691170
825691170
825691170
825691170
825691170
825691170
825691170
825691170
825691170
826010808
826010808
826030078
826146509
826146509
826470409
826470409
826484350
826484350
827187473
827639406
827995872
828472430
828652896
828652896
828652896
828652896
828652896
828652896
828652896
828652896
828652896
828652896
828652896
828652896
828652896
828652896
828652896
828652896
828652896
828652896
828652896
828652896
828652896
828652896
828652896
828652896
828772159
828772159
828772159
828772159
828772159
829266740
829266740
829266740
829266740
829266740
829458909
830062411
830086580
830654072
830723002
830723002
830839347
830877383
831398362
831404583
832163799
832491809
833318407
833318407
83375587
834152551
834152551
83468129
83468129
83472659
835549535
835549535
835549535
835882829
835882829
835882829
835882829
835882829
836588274
836769352
836769352
836769352
837009509
837268813
837360744
837421140
837608127
837608127
837744687
837891915
837891915
838356614
83851109
838909822
838946069
838946069
839269769
839269769
839269769
839269769
839315813
839407277
839407277
840031630
840031630
840084782
840111210
840111210
840248026
840463224
840532458
840963902
841277317
841557271
841809677
84212511
842514895
84285123
842905701
843703088
843703088
843703088
843703088
843703088
843863501
844211936
844211936
844211936
844211936
844263222
844455366
844455366
844845858
844925473
845454135
845546119
845546119
846062547
846062547
846062547
846062547
846062547
846062547
846062547
846062547
846062547
846062547
846062547
846062547
846062547
846062547
846062547
846062547
846062547
846121865
846121865
846121865
846121865
846121865
846347314
846396403
846545688
846545688
846741560
84818603
84818603
848381140
851765474
851769155
852155933
852275339
852949636
852949636
852949636
852949636
853347946
853405063
853788468
853788468
853788468
853858947
853906105
853906105
853906105
854112376
854345821
854370532
854370532
854370532
855352034
855352034
855950301
856000847
856000847
856467556
856629593
857145695
857168467
85720239
85720239
85720239
857316265
857923687
858207950
858717425
858717425
859063001
859063001
859732855
859732855
860007757
860007757
860430647
860825367
86083513
860884682
861619685
8619217
8619217
862779097
86316806
863325730
863325730
864825467
864957278
864957278
864957278
864957278
864957278
865023266
865023266
865023266
865023266
865023266
865119360
865119360
866147749
866523381
867048609
867765175
868234371
868365479
86840591
868764779
869170622
869209875
869240580
869674822
869830455
869830455
870698190
870698190
870698190
870728260
870728260
870842058
87169065
871827197
872568687
872568687
872568687
872568687
872568687
872883057
873020257
873116544
873116544
873116544
873348435
873348435
87346279
875238256
875264628
87536390
875408423
875555267
876583836
876635042
876642143
876642862
876988814
877118667
87719385
877288906
877422266
87754570
877921727
878126481
878126481
878147529
878345332
879319057
879319057
879319057
879319057
879319057
879319057
879319057
879319057
879319057
879319057
879319057
879319057
879319057
879319057
879319057
879319057
879319057
879319057
879319057
879319057
879319057
879319057
879319057
879868931
879884773
880460698
880742440
880864966
88133380
881361077
881736409
882089461
882089461
88211896
88211896
882163178
882163178
882486692
882486692
882939012
882939012
883242034
883772272
883917886
883917886
883917886
883917886
884219375
884219375
884219375
884623413
885076186
88529599
885478267
885790086
885790086
885790086
885790086
885835289
886438080
886789020
887358849
887577572
887812439
888030084
888030084
888030084
888030084
888030084
888435105
888454147
89079645
891672634
891766072
89193166
89201247
892767727
892920832
894076210
895268017
895619710
895883504
895980282
895980282
895980282
89607565
89607565
896452286
896452286
896452286
896577334
897090708
897384773
897384773
897384773
897384773
897384773
897909419
898649082
89974743
89974743
89974743
900020378
900020378
900318822
900371546
900371546
900460106
900462900
900462900
900462900
900462900
900462900
900462900
900462900
900462900
900462900
900462900
900462900
900462900
900991309
901063970
901063970
901451288
902156529
902163997
902163997
902240742
902581838
902672942
902782854
902782854
902908305
903886718
9040686
904260410
904569775
904569968
904569968
904569968
904569968
905032564
905340518
905624752
905804291
905895620
905917618
905917618
90616615
90616615
906411515
906609075
907156565
907229359
907315158
907407538
907407538
907407538
907407538
907407538
907407538
907407538
907407538
907616484
907672495
90774528
908569543
908846386
909273182
910208029
910208029
910631178
910766772
910766772
910766772
910900154
910900154
910900154
910900154
910900154
910900154
910900154
910900154
910900154
910900154
910900154
910900154
912299960
912739486
913105924
91369888
914026402
914165232
914233520
914537722
914654230
91486569
91486569
91486569
915520613
916893093
916984796
917607007
91857586
918624977
918624977
918624977
918770485
919260961
919260961
919744947
920462259
921202516
921202516
921202516
921202516
921708282
922008804
922008804
922206174
922259594
922259594
922363015
923541970
92397915
924213399
92591396
926854910
927023930
927293345
927326370
92768849
92768849
927755747
927755747
927755747
927755747
927755747
927755747
927755747
927755747
928116256
928936322
929151668
929151668
929157076
929161085
929413539
929549412
929549412
929884077
92990750
930023745
930431994
931307207
931307207
932312721
932766568
933815760
933815760
933815760
933815760
934177627
934400771
93495972
935242236
936413884
936413884
936413884
936413884
936733493
936733493
936868631
936868631
936909874
937021325
937021325
937162029
937221751
937221751
937221751
937221751
937221751
937221751
937221751
937221751
937221751
937221751
937221751
937221751
937221751
937221751
937242304
937612470
93791886
938118032
93816562
93816562
93816562
93816562
93816562
93816562
93816562
93816562
93816562
93816562
93816562
93816562
93816562
93816562
93816562
93816562
93816562
93816562
93816562
93816562
93816562
93816562
938245721
938410555
938410555
938410555
938491193
938718225
939049888
939466484
939679332
939679332
940245938
940414710
940414710
940448585
940448585
940545982
940561470
940561470
940561470
940561470
940561470
940561470
940561470
940561470
940561470
94120932
941410589
941740259
941770195
941770195
941770195
941770195
941770195
941770195
941770195
941770195
941770195
941770195
941858377
9429257
9429257
943149546
943894254
943894254
943894254
944099483
944554230
944554230
944554230
944554230
944554230
944554230
944554230
944554230
9445844
94475997
94529590
945528774
945585365
945699502
946525850
946855197
946995133
947574601
947768041
947956792
948224707
948224707
948324162
948344990
950170023
950170023
950761696
950959064
950959064
950959064
950959064
950959064
950959064
950963772
951327357
951327357
952231286
952231286
952231286
952921136
952956434
95315084
95315084
95315084
9533459
953390251
953470793
953831604
95412366
95412366
95412366
95412366
95412366
954270644
954270644
955321438
95536732
955428785
955443712
956054538
957162488
957162488
957711203
957807849
957885405
95791973
958260201
958260201
958260201
959001724
959579423
959579423
959579423
959579423
959579423
959579423
959579423
959579423
959598575
959905089
960192509
960192509
960192509
960985239
960985239
960985239
960985239
960985239
960985239
960985239
961544413
961704050
961704050
961704050
961975156
961975156
961975156
9620726
962474727
962817441
962856320
962958375
963027451
963027451
963043699
963188335
9632738
9632738
9632738
9632738
9632738
9632738
9632738
9632738
9632738
9632738
9632738
9632738
9632738
9632738
9632738
9632738
9632738
9632738
9632738
9632738
9632738
9632738
9632738
963635249
963916027
96406179
964166056
964166056
964557999
965052844
965052844
965052844
965052844
965052844
96508793
965223308
96614327
966205598
966205598
966326914
966329377
966329377
966513186
966513186
966888515
967143122
967143122
967160970
967591148
968289368
968345385
96839050
96839050
96839050
96839050
968603256
968642731
969085049
969268100
969622313
969674310
970182618
970182618
970182618
970996798
971061117
971124528
971124528
971124528
971526666
971526666
971526666
972027238
972265969
972416582
972480919
972746893
973138477
973138477
97335301
97335301
973621417
973621417
973845141
974174727
974174727
974438596
974438596
974468316
974575418
975718585
976484277
977000479
977021169
977191911
977480037
977480037
97750127
977842614
978202209
978655354
978657248
979428716
979808878
979808878
980911850
981002815
981104076
981104076
981104076
981104076
981104076
981104076
981374473
981374473
981542627
983718065
984130960
984357607
984357607
986485845
986488005
986488005
986488005
986488005
986488005
986802312
986831855
986965844
98797401
988738436
98945004
989599200
989599200
989599200
989599200
99066675
99066675
990695172
990695172
990695172
99137653
991520486
991687978
991706894
991834329
991834329
991834329
991834329
991967636
991967636
991967636
991967636
991967636
991967636
992209252
992326428
992326428
992326428
992326428
992326428
992326428
993248094
993544388
993913663
993913663
993940975
993977887
993977887
99401283
994194358
994527755
994527755
994527755
994527755
994527755
994527755
994829140
994829140
994829140
995746708
996011897
996891724
996891724
997248582
997248582
997248582
997248582
997248582
997509183
997602666
997602666
997616363
997616363
999297410
999297410
999720718
999720718
999720718
999720718
