100047036
100047036
100512538
100512538
100512538
100599530
100957799
101368587
101380903
101502671
101502671
103527765
104318571
104318571
104360987
104360987
104360987
105145907
106007453
106240318
106240318
106240318
106240318
106356681
10670133
10670133
10670133
10670133
106745988
106791265
106791265
106791265
106791265
106791265
106791265
106791265
1068193
107028687
10707045
10707045
10707045
107281948
107790841
10818940
108613172
108613172
108613172
108613172
109363053
109782764
109782764
109782764
109782764
109782764
109782764
109782764
109782764
109782764
10979261
110292680
110292680
110332839
110332839
110451796
110892050
111238283
111238283
111238283
111513502
11163800
111688611
111838788
111850715
112023568
112128241
112960517
113059989
113139067
11315741
113531669
113560049
113602102
11362581
113810823
113810823
114000663
114094180
114743687
115065402
115333228
115333228
115762336
115882645
115882645
116769240
116831911
116951062
117036067
117036067
117036067
117036067
117036067
117182852
117522209
117734468
117872817
118170734
118616345
119148606
119148606
119148606
119148606
119148606
119148606
119148606
119148606
119148606
119161269
119161269
119877055
120156000
120358240
120358240
120536209
120536209
121115175
121115175
121325027
121325027
121471833
122467610
122537914
12261399
122923011
122923011
122924047
12297835
123026209
123246215
123797092
123797092
124225612
124225612
124225612
124225612
124225612
124225612
124225612
124225612
124225612
124225612
124414456
124414456
124696454
126004443
126004443
126004443
126004443
126004443
126004443
126004443
126925095
126925095
127454242
128371093
128474717
128474717
128572519
128572519
129847975
130125478
130125478
130125478
130380301
130380301
130380301
130380301
130380301
130380301
130380301
131308855
13141216
13141216
13141216
131697264
131843795
132067242
132302573
13237996
13237996
132654622
133256224
133256224
133295344
133382127
134579525
134741019
134741019
1348996
13526192
13526192
135391607
135404863
135496723
135556002
135588724
136010849
136010849
136010849
136613046
136914857
136950668
137021211
137021211
137141640
137163005
137265434
137265434
138697351
138697351
138697351
138697351
138753866
138786550
138786550
138895604
138947216
139739547
140225343
140639925
140639925
140639925
140639925
140639925
140639925
140639925
140953462
14138483
141395379
141620702
141735468
141805423
141998386
14211354
142531668
14261006
143353260
14346102
144324129
144324129
144324129
144324129
144324129
144324129
144324129
144324129
144324129
144324129
144324129
144324129
144324129
144324129
144324129
144324129
144324129
145788726
145814352
146803947
146974928
147054708
147054708
147054708
147054708
147054708
147054708
147054708
147054708
147753191
147753191
147753191
147753191
147753191
148127986
148127986
148127986
148127986
148127986
148127986
148127986
148127986
148127986
148127986
148127986
148474285
148596281
148705799
148705799
148705799
148705799
148705799
149072170
149073139
15011576
150344106
150529963
150581703
150581703
150581703
150582787
152484099
152484099
152484099
152484099
152781040
152918541
152954642
153047984
153296191
153296191
153470910
153810577
153810577
153810577
154641780
154641780
154641780
154718663
155058002
155319368
155458601
155458601
155458601
155730994
155730994
156264553
156264553
156264553
156264553
156264553
156264553
156264553
156264553
156348512
156348512
156348512
156348512
156348512
156348512
156740039
157985857
158805092
158805092
159169656
161411385
16141818
161499503
161971630
162064352
162197009
162225088
162305942
162354237
162354237
162354237
162354237
164239950
164865282
164865282
164865282
165094332
165094332
165248566
165338194
165441355
165441355
165441355
165441355
165558760
165995375
16617011
166408515
166408515
166408515
166408515
166408515
166561246
167109816
167493530
168141289
169217716
169217716
16968149
169791471
169791471
170153520
170260834
170442149
170719817
171191169
171191169
17146931
17146931
17146931
17146931
17180343
17180343
172233306
172233306
172233306
172233306
172233306
172233306
172233306
172233306
172233306
172477008
172477008
172482430
172525113
17261433
172799737
172799737
172799737
172799737
172799737
172799737
172799737
172799737
172799737
172799737
172799737
172799737
172799737
172799737
172799737
173145556
173322948
173322948
173475712
173475712
173475712
173530308
174697779
174697779
174964168
175283875
175335153
175335153
175488699
175488699
175488699
176040479
176467008
176579607
177467239
177925933
178233994
178233994
178375143
178375143
178680455
178886065
178886065
178886065
179027143
179027143
180453848
180619230
180620205
180810888
180860858
180860858
180860858
180860858
181256373
181579936
181852028
181852028
182021046
182408519
182897613
18309293
183194229
183808905
183808905
183915471
183915471
183915471
183915471
183915471
184379661
184379661
184585252
184630157
186187358
186187358
18685663
187668969
187668969
188515073
188515073
188735593
188982541
189552705
189675891
189946197
190484987
191287839
191313334
191313334
191313334
191313334
191341525
191341525
191341525
191357398
191357398
191905241
192031971
192031971
192031971
192031971
192377568
192426682
192426682
192426682
192493517
192590152
193188380
193188380
193295427
193302200
193302200
193827947
193831667
19426764
19426764
19426764
194328824
194578547
194810225
194810225
194944816
194944816
194944816
195339671
195531545
195531545
195719049
195719049
195735753
195735753
195735753
195735753
195828381
196833387
197970309
198816259
199160755
199314128
199753377
199753377
199761681
199761681
199774016
199830611
199830611
200199751
200199751
200455400
200660422
200660422
201620130
201635314
202960256
20311565
203319918
203431969
203465797
204753657
205026246
205149289
205149289
205149289
205345549
205379158
205379158
205379158
205379158
205379158
205379158
205844402
206193712
206193712
206450753
20693436
20693436
20711126
207372259
207372259
207372259
207372259
207745165
207782849
208059136
208059136
208059136
208495508
208953261
20900015
210075425
210216743
210257193
211048237
211383699
211731847
211761397
211761397
211761397
21183064
212477251
212580958
212807922
213667509
213667509
213667509
214032513
214032513
214032513
214037383
214366859
214775024
214775024
214775024
214775024
214775024
214775024
216140437
216140437
217086792
217657171
217769125
21851633
218906041
21936933
21936933
21936933
219993862
219993862
219993862
219993862
219993862
219993862
22016035
220872502
220980551
220980551
220980551
220980551
221135637
221135637
221135637
222797251
222943387
22367025
223858674
224093494
224093494
224139336
224139336
224139336
224139336
224139336
224139336
224139336
224546012
224546012
224546012
224649816
224883138
225472
225472
225472
225472
226036394
226729661
227075962
227075962
227075962
227677211
22808387
228504425
228783633
229079282
229079282
229079282
229656254
229656254
230284524
230505949
230525282
230885605
23152311
232460292
23284524
232864914
233404951
233432457
233687531
234326874
234435009
234521800
235125959
235125959
23562045
235702025
235890429
236301984
236301984
236689658
23694668
236964722
236964722
237121616
238231811
23842076
23842076
238778265
239033535
239570695
239827645
240481447
240481447
241285325
241285325
24132330
24132330
241676942
241676942
241785351
241785351
241785351
241785351
241785351
241785351
24245546
24249899
24249899
242596904
242596904
243657408
243657408
243881228
243971152
244781669
244904022
2449926
245449872
245449872
245449872
245449872
245449872
245449872
245449872
245449872
245449872
245449872
245449872
245449872
245449872
245449872
245449872
245449872
245449872
245449872
245449872
245449872
245449872
245449872
245449872
245449872
245449872
245449872
245449872
245449872
245449872
245449872
245449872
245449872
245449872
245449872
245449872
245449872
245449872
245449872
245449872
245449872
245449872
245449872
245449872
245449872
245449872
246201037
246201037
246201037
247262520
247462350
247462350
247747509
247872521
2489721
24907154
249510863
249874917
249874917
25028573
25029054
25029054
25029054
25029054
25029054
25029054
250482109
250482109
250482109
250645256
251153189
251269761
251269761
251269761
251345727
251429073
2514457
252149466
252807323
252825747
252900980
253578730
254149704
254450611
254450611
254450611
254488062
254847827
255137298
255137298
255137298
255137298
255137298
255395670
255901827
256323671
256731097
257109040
25717469
25717469
25717469
25717469
25717469
257857793
257857793
257857793
257857793
258212292
258212292
258212292
258212292
258892233
258892233
258892233
258892233
258892233
258892233
25996079
260363984
260363984
260858249
261175524
261534602
261556547
261669516
261945019
262077048
262600610
262600610
262600610
262841060
262841060
262841060
263030469
263046246
263046246
263046246
263046246
263046246
263046246
263046246
263046246
263046246
263154361
263154361
263154361
263154361
263154361
263154361
263237472
264913158
265040255
265040255
265040255
265040255
265040255
265040255
265040255
265040255
265040255
265040255
265040255
265040255
265040255
265040255
265040255
265040255
265040255
265040255
265040255
265040255
265040255
265040255
26513432
26513432
265314196
266148124
266148124
266911588
266911588
266911588
266911588
266911588
268067011
268067011
268067011
268067011
268067011
268067011
268067011
268067011
268067011
268067011
268067011
268067011
268105087
268271596
268271596
268271596
268283262
268461622
268461622
2686360
2686360
2686360
268723211
268943254
269176226
269383835
269383835
269383835
269687228
26971164
269714467
269714467
269847337
269868439
270144228
27085517
271416186
271429756
271429756
271429756
271429756
271429756
271429756
271429756
271429756
271429756
271429756
271429756
271429756
271429756
27147061
271687675
272192261
272250770
272250770
272250770
272250770
272479576
272479576
272798763
272798763
272798763
272798763
272798763
272798763
272798763
273127372
273127372
273127372
273127372
273239820
273239820
273722589
273838735
274239450
274604361
274604361
274604361
274604361
274946566
274946566
274946566
274946566
274946566
274946566
274946566
274946566
274994151
27502062
275351013
275849620
275849620
275849620
275849620
276133805
276394270
276394270
276394270
276394270
276394270
276394270
276394270
276394270
276394270
276804524
277038725
277335936
277335936
277335936
277339148
278368308
278393268
278393268
278393268
278393268
278393268
278393268
278393268
278393268
278393268
278393268
278393268
278393268
278393268
278393268
278393268
278393268
278393268
278393268
27925238
279863070
280647622
280726180
281008695
281043357
281043357
281387686
281771294
281834042
282098132
282799888
282879503
282914229
284375861
285093403
285538061
285552880
286403406
286403406
286542630
287459776
287459776
287487704
287487704
287541401
289528938
289904881
290625386
290796155
290899128
290976617
290976617
290976617
290976617
290976617
290976617
290976617
290976617
290976617
290976617
290976617
290976617
290976617
290976617
290976617
291187518
291565247
291917797
292097374
292637331
293056644
294246694
294246694
294246694
294246694
294361096
294528259
294977557
29559888
29559888
296397639
29705945
297487116
297487116
297487116
297487116
297611523
29764679
29764679
298194806
298263577
298263577
298263577
299686786
299711903
29995158
29995158
300096985
300096985
300475750
30109146
301645573
301645573
302116447
302138798
30281088
304141589
304176799
304394179
304394179
304394179
304394179
304394179
304394179
305141669
305442744
30572331
30572331
30572331
306036633
306036633
306072683
307438354
307438354
307625827
307625827
307625827
307625827
307625827
307625827
307642262
307642262
30768527
3080012
3080012
308083693
308083693
308083693
308107727
308107727
309096838
309404221
309710589
30996242
30996242
30996242
30996242
310046573
310445869
310720077
311054036
311054036
311878254
311878254
311878254
311878254
311878254
311878254
311878254
312264013
312535796
31287929
31323168
313251906
313509963
313520564
313696235
314159245
314159245
314159245
31448250
314605467
314605467
314605467
314605467
314605467
314824652
314824652
314824652
314824652
314824652
314824652
31486701
315130741
315416156
315416156
315416156
315470925
315507905
315524267
316324996
316484262
317132811
317353995
317544743
317544743
319041562
319041562
319177215
319480545
319599765
319706203
319706203
319766755
320190480
320190480
320311173
320666006
321001249
321892957
321992753
323866563
324044876
324116661
324116661
324449729
324449729
324449729
324449729
324449729
325149251
325299174
325406067
325406067
32594540
326224255
326848133
326848133
326848133
326848133
326848133
326848133
326848133
326848133
326848133
326848133
326922037
326942306
328078688
328140651
328235297
328474322
329543775
329595013
329595013
329595013
32962627
330830489
330830489
331009237
331009237
332138679
332138679
33245674
332949237
333044434
333044434
333044434
33311074
333318672
333359360
333371462
333371462
333371462
33368666
334658518
334917939
335112421
335132896
335265721
335319964
335562513
33679552
336844528
337033298
337033298
337091479
337091479
337091479
337184008
337519389
337519389
337519389
338262524
338262524
338262524
338262524
338391747
338391747
338442261
3385013
33860849
33874627
338926176
339108533
339227896
339227896
339258651
339916413
339916413
340363358
340622647
34200022
342136986
342202643
342373115
342660708
343113658
343113658
343185803
343185803
343185803
343185803
343185803
343185803
343185803
343185803
343185803
343185803
343185803
343185803
343185803
343185803
343185803
343185803
343185803
343185803
343185803
343185803
343185803
343185803
343185803
343185803
343185803
343185803
343185803
343185803
343185803
343185803
343185803
343185803
343193106
344102554
344102554
34441904
344621438
345007076
345007076
345007076
345007076
345007076
345007076
345007076
345007076
345032158
345200515
345456653
345456653
345456653
345456653
345456653
345456653
345456653
345873941
345873941
345931989
346530310
346530310
346530310
346709383
347274879
347609100
347969991
34804593
348227423
348227423
348242357
348466920
349004232
349740752
349778282
349778282
349778282
349778282
349778282
350376070
350846402
351134902
351416036
351620851
351620851
351620851
351920537
351920537
351920537
352206639
352206639
3523229
3523229
352922488
353037855
353096796
354573823
354573823
354785034
354933056
354933056
354960719
35524568
356086275
356358470
359024364
359342335
359342335
360127387
360127387
360426983
360426983
360896851
361137673
36215520
362231520
362265036
362621454
362925721
363142287
363318336
363318336
363585395
363585395
363806782
364017264
364017264
364017264
364017264
364017264
364052641
364448576
364448576
364448576
36488461
36488461
36488461
36488461
36488461
36488461
36488461
36488461
36488461
36488461
36488461
36488461
36488461
364983897
365202529
365698290
366071566
366130389
366130389
366130389
366130389
36653526
36653526
36653526
36653526
36653526
36653526
36653526
367191595
36754643
36754643
368367627
369006354
370420344
370420344
370420344
370420344
370420344
370420344
370420344
370420344
370420344
370420344
370420344
370420344
370420344
370420344
370875391
370875391
37107707
37107707
371110390
371110390
371110390
371110390
371110390
371110390
371168051
371451744
371559044
371714764
37188049
372327958
372327958
372327958
372327958
373812545
374102074
374625935
375286186
375535727
375535727
375671803
37602520
376100603
376609974
376609974
37669269
37669269
376856659
37704104
377049827
377508071
377550314
377907320
378524198
378535738
379581844
379608627
379678595
380266608
380266608
380367603
38096754
381338352
382189444
382448153
382448153
382448153
382448153
382482612
382482612
382482612
382868174
383482391
383635971
383678866
384087589
384352211
384700142
384700142
385871630
386754346
386754346
386764495
386765193
387216150
387216150
387357199
387357199
387504807
388188812
388834562
388834562
388839782
388874255
388874255
388874255
38903738
390250393
390508048
390771989
39110166
39144792
391529856
391529856
39162938
39162938
392187356
39220992
39220992
392232154
393507760
396820452
396856567
396856567
397268138
397420719
397420719
397545392
397972384
398174964
398952310
399135440
399135440
399135440
399135440
399135440
399135440
399135440
399135440
399135440
399307058
399636923
399636923
400021290
400234572
400493021
400840444
400840444
400840444
400840444
400840444
400840444
400840444
400840444
400840444
400840444
400840444
400840444
400840444
401186588
401319620
40135600
401439625
401439625
401439625
401439625
401439625
401439625
401439625
401439625
401649414
401864376
401864376
401864376
401869043
40197177
402399888
402411801
402411801
402411801
402796635
402968345
403479736
403693858
404458421
405125762
405163866
405163866
405165898
405489275
405618230
405618230
40579733
405971410
406337460
406597879
406721002
406721002
406738581
406738581
407144271
407181389
407346815
407523545
407523545
408748013
409346534
409346534
40970689
40973930
40973930
409871810
410467783
410532890
410760130
410760130
410760130
411589988
411693791
411716009
411752205
412997597
414357677
414375933
414456449
414456449
414486782
414486782
414486782
414486782
414486782
414486782
414486782
414486782
414486782
414486782
414486782
414486782
414486782
414486782
414486782
414486782
41484239
415026634
415286031
415286031
415740513
41584107
415924114
415924114
416198227
416198227
416624720
416624720
416891405
417163153
417921790
418107642
418107642
41881954
419093123
419098099
419222180
41938886
419595190
41984783
420303305
42050432
42050432
42050432
42050432
42050432
42050432
420587057
421481142
422504338
422504338
42272118
422813013
422813013
422813013
42317665
423318367
423318367
423318367
423318367
423318367
423318367
423318367
423318367
423318367
423318367
423318367
423644519
423959515
423959515
425165783
425175191
425204387
425362981
425434137
426404800
426633985
426957618
42720652
427621727
428012616
429411831
429439461
4301874
430585753
4306248
43078088
431068644
431185442
431283596
431774624
4323927
432415987
432449692
432478869
432658041
432736638
433049694
433082915
433082915
433252283
433252283
433252283
433252283
433252283
434137361
434137361
434137361
434155226
434155226
434155226
434155226
434255235
434911999
435106875
435106875
435106875
435106875
435106875
435350646
436086813
436223062
436223062
436223062
436223062
436582447
436614088
436614088
436698575
436698575
437896866
437896866
438121158
438645704
438967477
438967477
439039654
44034493
44034493
44034493
44034493
44034493
44034493
440734983
441164028
441164028
441317211
441586413
441658764
441909716
441909716
441948947
441948947
441948947
441948947
441968761
441968761
441968761
442467296
442467296
442467296
442467296
442467296
442467296
443634911
443780368
444027192
444190610
444337804
444469358
445905602
446038725
446061669
446279348
446279348
446556015
446906754
447372604
448079452
448527829
449215429
449539399
449587124
450475749
450583522
450583522
450583522
450583522
450583522
450583522
450932323
451025339
451025339
451025339
451129557
451129557
451129557
451544185
451554645
45176029
451814763
452746126
453871988
453985156
454338914
454606986
454769764
454769764
454931427
455582463
455582463
455582463
455770606
456953883
456953883
457043295
457244477
457561166
457561166
457692051
457877405
458722247
458722247
458754151
458864358
459483513
459613388
459613388
459613388
459613388
459613388
459613388
459613388
459613388
459613388
459613388
459613388
459613388
459613388
459613388
459613388
459613388
459613388
459613388
459786577
459786577
459786577
459979615
459979615
460392862
460392862
460392862
460466416
460483988
460632611
460704680
460735833
461257556
461814573
461814573
462084248
462394342
462394342
462864555
462864555
462954002
462954002
463195972
46324555
46324555
46324555
46324555
46324555
46324555
46324555
46324555
46324555
46324555
46324555
46324555
46324555
46324555
46324555
46324555
46324555
46324555
46324555
46324555
46324555
46324555
46324555
46324555
46324555
46324555
46324555
46324555
46324555
46324555
46324555
46324555
46324555
46324555
46324555
46324555
463783108
464759152
465887729
46596785
466018903
466464022
466464022
466708706
466708706
467241292
467241292
467241292
467615522
46770823
467991890
468752819
468752819
468752819
470475974
470946846
470946846
470946846
471002656
471557934
472324974
472494397
472619578
472619578
472619578
472619578
472619578
472619578
472619578
473125360
473764126
473764126
473764126
473764126
473764126
473856475
47414373
474209456
474293236
474304675
474654167
474654167
474654167
474654167
474654167
474654167
474654167
474654167
474654167
474654167
474654167
474654167
474862339
47504452
47504452
47504452
47504452
47504452
47504452
47504452
47504452
47504452
475147974
475209987
47525349
475611047
47562939
476067713
476067713
476185983
476505905
476505905
476714741
476810917
476810917
476810917
476810917
477063122
477063122
477457103
477779659
478197837
478197837
478446910
478822638
478822638
479187533
479281106
479281106
479323294
479521754
479521754
479521754
479521754
479860807
479864383
479864383
479885658
48021829
480247067
480391971
480394183
480825919
481160368
481160368
481160368
481632371
481632371
48177727
481781869
481936490
482885520
482885520
483386812
483430948
48429356
48429356
48429356
48429356
48429356
48429356
484638351
484638351
484723035
485103504
485297978
485297978
485297978
485297978
485297978
485393294
485491053
485508157
485508157
485508157
485870262
485974423
486151984
486349317
48791105
488246640
488246640
488246640
488246640
488246640
488246640
488246640
488246640
488246640
488246640
488246640
488246640
488246640
488246640
488246640
488246640
488246640
488246640
488246640
488246640
488246640
488246640
488246640
488246640
488246640
488246640
488246640
488246640
488246640
488460791
488844034
488844034
489245425
489399351
489399351
4895975
489808806
489808806
490050721
490050721
490050721
490050721
490050721
490050721
490050721
490387818
490387818
490387818
490387818
490852408
491689172
491705470
491798959
491997969
49269248
492836758
493045575
493045575
493045575
493184189
493184189
493269119
493938415
494691696
495389744
495389744
495389744
49567875
49567875
49567875
49567875
49567875
49567875
49567875
495804035
495882719
495882719
495882719
496201564
496391229
496520461
496520461
496733881
497200371
497365841
497365841
497425407
498498058
498544753
498635851
498635851
498702197
498988545
498988545
49980879
499841016
499988514
500607622
500741233
500825787
500825787
502040858
502503276
502503276
502638185
502638185
502638185
503057596
503057596
503057596
503057596
503274378
503390821
503390821
503390821
503578470
505814004
506234393
506443868
506590385
507681853
508163857
509026020
509283340
509738390
510124946
510897115
511050040
511050040
511050040
511050040
511174865
511174865
511225505
511763438
512134714
513081441
513118329
513423055
514351260
514416658
514416658
514567553
514940909
514940909
515249324
515671301
516260725
516287000
516287000
516415864
516548029
51701277
51730456
517719547
517719547
517898316
518765985
518868881
519073536
519073536
519073536
519073536
519073536
519073536
519073536
519315001
519315001
519315001
519315001
519315001
519336747
519521049
520311376
520653340
520653340
520653340
520653340
520653340
520653340
520653340
521051768
521417990
521417990
522830482
523489480
523639918
523655993
523661654
523706930
523706930
523706930
523706930
523834976
523836797
523836797
52387917
524439582
524439582
524439582
525065009
525373071
525998596
526012865
526357477
527249565
527249565
527249565
527299333
527371660
527630151
527630151
527656876
527656876
527818309
527939488
528129357
528378466
528755346
528902361
529060897
529060897
529216281
529253676
529664575
529898130
530035773
530472423
530472423
530484605
530484605
530516346
530546487
530546487
530546487
530546487
530546487
530546487
530546487
530546487
530546487
530546487
530546487
530546487
530861351
530977710
530977710
531102919
531102919
531298452
531758984
531823791
53241117
533375259
53348357
53348357
53382131
534568128
534568128
534568128
535517408
535517408
535832345
535832345
535832345
535832345
535832345
535832345
536077314
536708224
536708224
536757221
536757221
536757221
537263954
537517324
53815042
53815042
538471448
538471448
539631159
539986134
540550886
541531065
541673691
541673691
542486214
543062387
543062387
543536079
544135540
544135540
54417227
544385617
544882925
545270466
545270466
545270466
545270466
545442709
545866165
54634765
546505387
546563142
5467779
546953115
546953115
547219631
547219631
547219631
547219631
54731350
547431831
548414614
548822791
549037433
549037433
549238704
549374419
549456361
549456361
549659889
549848033
550594085
551407899
551407899
551407899
551407899
551865992
551976960
551976960
551976960
552016498
552668905
554689414
55490378
55490378
55490378
55490378
555242753
555242753
555411730
555619599
556416161
556487837
557100051
557100051
557144420
557379745
557379745
557638738
558420564
558420564
558589646
558593095
558593095
559943008
559943008
559943008
560580468
560686547
560698584
560815997
560815997
560851463
561287091
561287091
561457163
561457163
561457163
562059783
562059783
56231763
563493958
564105399
564411838
564651103
56493618
565423469
565423469
565790607
565955686
566597729
566726433
566726433
566726433
566726433
568111170
568111170
568197051
568197051
568270225
568859470
568859470
568859470
568997377
568997377
568997377
569156287
569156287
569156287
569156287
569156287
569156287
569156287
569156287
569156287
569156287
569156287
569391254
569473707
569473707
569473707
569473707
570285468
570285468
570285468
570285468
571684273
571974355
572495097
573635758
573665066
574838803
57504610
57594679
57594679
57594679
576559991
576559991
576559991
576844294
576844294
576844294
576844294
576844294
576844294
576844294
576986877
577003747
577100788
57801650
578182527
578520888
578520888
578520888
578520888
578520888
578520888
578520888
57954213
579560912
579560912
579560912
579560912
579560912
579615850
580222926
580298584
580463402
580959759
581112910
581112910
581822270
582228328
582629146
582629146
582629146
582629146
582629146
582629146
582629146
582629146
582629146
582629146
582629146
582629146
582629146
582629146
582629146
582629146
582629146
582629146
582629146
582629146
582629146
582743995
583101711
583293690
58345096
583477993
583507183
583507183
583507183
583611354
583611354
583678958
583749814
584356882
584356882
584471375
584503127
584503127
584503127
584503127
584503127
584503127
584503127
584503127
585109048
585109048
585109048
585109048
585109048
585109048
585109048
585109048
585109048
585109048
585109048
585253153
585523047
585523047
585889898
586361658
586496321
586496321
586496321
586496321
586496321
586990239
588640480
588640480
588640480
588640480
588640480
588640480
588798417
588941118
589012571
589240061
589417029
589503163
590013154
590200896
590668409
591403306
591403306
591403306
591403306
591539523
591539523
591619602
591870956
592005277
592331046
592331046
592331046
592331046
592455916
592455916
59248819
592774530
592887366
592887366
593358394
593367180
593367180
593367180
593367180
594264062
59443625
594727865
594825616
594825616
594825616
594825616
595236995
595912171
596388249
596388249
596487235
596886761
597228077
598754847
598754847
599109774
599125606
599144609
599806052
600191340
600633062
600633062
600633062
600633062
600633062
600633062
600633062
600633062
600633062
600633062
600633062
600633062
600633062
600633062
600633062
600633062
600633062
600633062
600633062
600633062
600633062
600633062
600633062
600633062
600633062
600633062
600633062
600633062
600633062
600633062
600633062
600633062
600633062
600633062
600633062
600633062
600633062
600633062
600633062
600633062
600633062
600633062
600633062
600633062
600633062
600633062
600633062
600633062
600633062
600633062
600633062
600633062
600633062
600633062
600633062
600633062
600633062
600633062
600633062
600633062
600633062
600633062
600633062
600633062
600633062
600633062
600633062
600633062
600633062
600633062
600633062
600633062
600633062
600633062
600633062
600633062
600633062
600633062
600633062
600843241
600843241
600843241
60116006
601281315
601471793
601821158
602138032
602472136
60248283
602541198
603019861
603038172
603106378
603106378
603948132
604028293
605389316
605389316
605389316
605389316
605389316
605389316
605389316
605389316
605389316
605389316
605389316
605389316
605389316
605389316
605389316
605389316
605389316
605389316
605715560
607110877
607245577
607348878
607348878
608121237
608143539
608143539
608291810
608409701
608409701
608830689
608876717
609331951
609333115
609815143
609815143
610193099
610193099
610193099
610193099
610193099
61059309
61059309
610859907
610952534
610952534
610952534
610952534
610952534
610952534
610952534
610952534
610952534
611367895
611378783
611378783
6114425
612374163
612696457
613030236
613666743
614335444
614638239
615885076
615885076
615885076
615885076
615885076
615885076
615885076
615885076
615885076
615885076
615885076
615885076
615885076
616963071
616977006
616977006
616977006
616977006
616977006
61698277
61698277
617252870
617252870
617252870
617379642
617508813
61784676
617932423
617932423
617932423
618210693
618748839
618772576
618772576
618851843
619111690
619690502
619936895
620260654
620521357
620521357
620521357
620521357
620680702
620680702
62089075
62089075
621061857
62113606
621289161
6213846
6213846
6213846
6213846
6213846
6213846
6213846
6213846
6213846
6213846
621498990
621625599
621625599
621648805
621648805
621762901
621859936
622032759
622118788
622118788
622900088
623029064
623080041
623232098
623281588
623336330
623336330
623825406
623825406
625051637
625051637
625051637
625277442
625277442
626300995
62639237
626650351
62690672
62690672
62690672
62690672
62694799
62706984
62706984
62706984
62706984
627130713
627223385
627793267
627793267
627793267
627793267
627793267
627793267
627793267
627793267
627793267
627793267
627793267
627793267
627793267
627793267
627793267
627793267
627793267
627793267
627793267
627793267
627793267
627793267
627793267
627793267
627793267
627793267
628039434
628100476
628269477
62832863
62832863
628475460
628475460
628475460
628517067
628517067
628517067
628517067
628517067
628517067
628625166
628625166
62909341
62909341
629107953
629107953
629107953
629378809
629691616
630106451
630245295
630304580
630707017
630820109
630820109
631729024
632021160
632021160
632021160
632021160
632021160
632021160
632079007
632079007
632125402
632125402
632125402
632271659
63233157
63233157
632362382
632364880
632364880
632364880
633107793
633378833
634190917
634552481
634652610
634665906
634665906
634947529
635124805
635124805
635355086
635355086
635355086
635355086
635355086
635355086
635355086
635355086
635525746
635988720
636327616
636860937
636957473
637128035
637207706
637401079
638098276
638100644
638344449
638427618
638988085
639057527
639451680
639451680
639451680
639451680
639648907
639648907
639723484
64052811
640716018
640985512
641692200
642059001
642221268
644120444
645171913
645171913
645193735
645193735
645382359
645382359
645382359
645382359
645382359
645382359
645970389
645970389
645970389
645970389
645970389
645970389
645970389
645970389
645970389
645970389
646020070
646248931
6467175
647130552
647130552
647130552
647265574
647475881
647475881
64825268
64825268
64825268
648465987
64876957
648922704
649313067
649794517
649798657
651088636
65153156
65153156
651725896
652741483
652900257
65309893
65309893
65309893
653172176
653409458
653409458
653409458
653409458
653685703
654065563
654065563
655343360
655568777
655858381
656011534
656071254
656086450
656381957
656381957
656774266
656774266
656774528
657474034
657488375
657488375
657488375
657666549
657958712
658059573
659131490
659245091
659245091
659245091
65942461
660437198
660437198
661195539
661195539
661195539
661195539
661195539
661349080
661353698
661839716
661839716
661839716
661839716
661839716
661839716
661839716
661839716
661882143
663015291
663935341
663935341
663935341
663935341
664245088
664245088
664245088
664245088
664775757
664775757
665123391
665298688
665298688
665387440
665387440
665387440
665995003
665995003
666279688
666457346
667909040
668101000
668148741
668148741
668238366
668238366
668386410
66877953
66877953
66877953
66877953
66877953
66877953
66877953
669436943
669436943
6696857
669738240
669738240
669741238
669949894
670315206
670315206
670315206
670315206
670315206
670315206
670315206
670315206
670329588
670329588
670374754
670449454
670678600
670988481
67104856
67104856
671217915
671553677
671678446
671678446
671678446
672024888
672024888
672024888
672024888
672024888
672024888
672024888
672024888
672024888
673139779
673655494
674057260
674129177
674405937
674569455
674823524
674889845
67489912
67489912
674964264
674964264
675366508
675366508
675513042
675513042
676028219
676694633
676714541
676714541
676714541
676714541
676714541
676714541
676714541
676714541
676714541
676714541
676714541
678308989
678332854
678332854
678427290
678743135
679184036
679184036
679670407
679945784
67996643
680547535
68125717
681470232
682981764
682981764
682981764
682981764
682981764
682981764
682981764
682981764
682981764
682981764
682981764
682981764
682981764
683131749
683131749
683253309
683714491
683714491
683714491
683714491
683858048
684061662
684441710
684566292
684566292
684774427
685170772
685224917
685230282
685230282
685230282
685230282
685335564
685335564
685378806
685502778
685653138
687235124
688060608
688219998
688413450
688413450
688413450
688413450
688413450
688413450
688413450
688413450
688413450
688413450
688424416
689067271
689185098
689710544
689710544
689710544
689710544
689710544
689785822
689880460
689880460
689880460
689880460
689880460
69013933
690824381
690824381
690824381
690824381
690824381
690824381
690824381
691110456
693138560
693500238
695098836
695098836
695224095
695599389
696338221
696338221
696338221
696338221
69654613
69654613
69654613
696690178
696690178
696901191
697170351
697170351
697563054
697563054
697563054
698161422
698161422
699111444
699503065
699545053
699545053
699751347
699866094
699918089
700769581
70172076
701772975
701772975
702340792
702340792
702791838
702791838
702791838
702791838
702791838
703257387
703704052
703776534
704804230
704929602
704929602
706494512
7065135
707419790
709210943
70967757
710018450
710124392
710798833
711071264
711236112
711466821
711807648
71216179
71216179
71216179
712432151
712432151
712432151
712432151
712432151
712432151
71331977
714428857
71454396
715081984
715581077
715581077
715581077
716326523
716326523
716335547
716335547
716335547
716335547
716335547
716335547
716335547
716335547
716335547
716335547
716335547
716335547
716335547
716687953
716687953
71669399
716902798
71750325
71750325
71750325
71750325
717666470
717702120
717702120
717910031
717910574
718237451
718237451
718553378
71877152
718790059
719144591
719144591
719165743
719165743
719404627
719455430
719455430
719899575
719899575
720771254
720975219
721431789
721431789
721589353
721926847
721926847
721926847
721926847
721926847
721926847
722123796
722253305
722253305
722253305
723085334
723085334
723085334
723085334
723085334
723085334
723768527
724223876
725072117
725072117
725072117
725072117
725166401
725864791
725864791
725864791
725864791
725921593
726270613
726551932
726551932
726566700
726646581
726968599
727252713
727294557
727294557
727359307
727425984
727425984
727425984
727425984
728897218
728897218
728897218
72900196
729164591
729613164
729613164
729770328
730316962
73035519
73035519
730756953
730832242
730832242
731000270
731430286
731430286
731430286
731630238
731690534
731709297
731856548
731881208
731881208
732512017
733453164
733594725
734473764
734473825
734819982
734819982
73495825
735082297
73538310
73538310
73538310
73538310
73538310
73538310
736777616
736988923
738281042
738281042
738281042
738281042
739315173
739315173
739437693
740254349
740377370
740377370
740775195
740959130
741398792
742690214
742951826
74316555
744239360
744334193
744358973
744358973
744447084
74470286
74470286
74479503
74479503
745272701
745272701
745272701
745272701
745272701
745272701
745313603
745313603
745313603
745313603
745613622
745925255
746164250
74623610
74623610
746338180
747130042
747947908
748555951
748824794
750174226
750174226
750174226
750241331
750340757
751080608
751663538
751663538
751663538
751745696
752212580
752212580
752212580
752212580
752212580
752212580
752212580
752212580
752212580
753166299
753677399
753978630
754053510
754053510
754228991
75439177
75439177
755081890
755132112
755132112
755132112
755132112
755132112
755132112
755132112
75529978
755592923
755651092
756230011
757136861
757136861
757136861
757136861
757136861
757136861
757136861
757202356
757202356
757683089
757981058
758174477
758174477
758174477
758174477
758285112
758643013
759082630
75979225
760278522
76035168
76035168
76035168
761319006
762078452
762396639
762419931
762553830
762590339
762590339
762590339
762590339
762590339
762590339
762590339
763406602
763867741
764156575
764337022
764441681
764553141
764764343
765128252
765344480
765344480
765418048
766029498
766029498
766029498
766086893
766400438
766757186
766757186
766780411
766780411
766780411
766780411
766780411
766795537
766861888
766861888
766861888
766861888
766861888
766861888
766861888
766861888
766861888
766861888
767004335
767061527
767349517
76742616
76742616
76742616
76742616
76742616
76742616
76742616
76742616
76742616
76742616
76742616
76742616
767900042
7684848
768794259
769273676
769273676
769273676
769273676
769273676
769613205
770088543
770088543
770088543
770088543
770088543
770088543
770088543
770088543
770088543
770088543
770088543
7701881
771102408
77213331
772698479
773934124
773988003
774192979
774379680
774693127
775238451
775843881
775843881
776026390
77682141
77682141
77682141
77682141
77682141
77682141
777591040
778137231
778137231
77842186
778452379
778548364
779513520
779873629
779873629
779873629
779873629
779873629
779881568
779950573
780153659
780153659
780153659
780302507
780302507
780302507
780632822
780632822
780632822
780632822
780632864
780632864
780863672
780895978
78132355
78132355
781452863
781452863
781452863
781702112
781799047
782790273
783318160
783403611
783403611
783403611
783403611
783453816
78357325
78357325
784047696
784083581
784083581
784083581
784083581
784083581
784083581
784083581
784083581
784206304
784206304
784206304
784206304
784267948
784554812
785419921
785477027
785620048
785620048
78627069
787190572
787190572
787190572
787266342
788072628
788072628
788088554
788088554
788088554
78818464
788412084
789420307
789443058
789627608
789800606
789800606
789800606
789921535
789921535
789921535
790008456
790221947
790221947
790346031
790346031
790346031
790669098
790669098
790669098
790787223
791010761
79142420
791846859
791846859
79202028
7920965
7920965
792749619
793766116
794170346
794170346
794235941
794235941
794365180
794960185
794960185
795014431
795109404
795111371
795111371
795348432
795662233
795883035
795905879
796341124
796341124
796529195
796588140
796588140
796588140
796662869
796780795
796985005
797048445
797048445
797142769
797142769
797142769
797142769
797310244
797436586
797661865
797722478
798072672
798143794
798420614
798420614
798420614
798420614
798420614
799895524
799895524
799903483
799903483
799903483
799903483
799903483
800032943
800032943
800032943
800032943
800032943
800032943
800032943
800093044
800093044
800629893
800629893
800758079
801147302
801147302
801147302
801147302
801147302
801147302
801147302
801299858
801837857
801837857
801837857
80223098
802352058
802352058
802926143
803172158
803172158
803172158
803172158
803172158
803172158
803172158
803172158
803172158
803624732
803981632
804400103
805134500
805134500
805134500
805134500
805528093
805827184
806256911
807441615
807565333
807639170
807639170
807639170
807639170
807639170
809169357
810871632
810947073
811760670
811760670
811760670
811859957
81198786
812365923
813952745
814212785
814598093
81512897
815212482
815347936
817294609
817294609
817447608
818294901
818712447
818712447
81923303
81928364
819456826
819782793
819895224
819895224
821254618
821638289
821668508
822177601
822287564
822287564
822287564
822720674
823157131
823228340
823607229
823629472
823629472
823829298
824349893
824902601
825346055
825691170
825691170
825691170
825691170
825691170
825957397
826010808
826030078
826030078
826030078
826470409
826470409
826484350
826484350
826484350
826785366
827187473
827187473
827285043
82780608
827995872
828027079
828164739
828652896
828652896
828652896
828652896
828652896
828652896
828652896
828652896
828652896
828652896
828652896
828652896
828652896
828652896
828772159
828772159
828772159
828772159
828772159
828772159
829266740
830723002
830877383
831347517
831398362
831398362
831398362
831404583
832364601
83241821
832491809
832603517
832603517
832873268
833075193
83375587
834152551
834257616
8343212
83468129
83468129
835172369
835549535
835549535
835549535
835549535
836769352
836953276
836984168
837009509
837340639
837891915
838909822
838909822
838946069
838946069
838946069
838946069
839269769
839269769
839342573
839407277
839407277
839407277
839906390
840031630
840111210
840111210
840145783
840248026
840248026
840248026
840248026
840463224
840463224
840589523
840698598
841557271
842229658
842514895
842754096
842754096
842754096
84285123
843649103
843703088
843703088
843703088
843703088
843703088
843703088
843703088
843740839
843740839
8442482
844263222
844455366
844455366
844474983
844845858
844845858
845454135
845454135
845454135
846062547
846062547
846062547
846062547
846062547
846062547
846062547
846062547
846062547
846062547
846062547
846062547
846062547
846062547
846062547
846062547
846062547
846062547
846121865
846396403
846873736
84688415
846952906
847552914
847705826
848137753
84818603
84825055
848381140
849389845
849999685
850387694
851090558
851412948
851412948
851758161
851793633
852949636
853405063
853478615
85377715
853788468
853788468
853788468
853788468
853906105
853906105
854112376
854112376
854112376
854345821
854345821
854345821
854345821
854345821
854345821
854370532
854370532
854370532
854370532
854889674
855093838
85518108
85518108
85518108
85518108
85518108
85518108
855903037
856000847
856467556
857316265
857450764
857864614
857923687
859073549
859175117
859506019
859565944
859997531
860007757
860007757
860007824
860271746
860430647
861139051
861478241
861619685
861619685
861895952
8619217
864788878
864892266
864957278
864957278
864957278
864957278
864957278
864957278
865015256
865023266
865023266
865023266
865023266
865023266
865119360
865119360
866147749
867048609
867048609
867048609
867939499
867939499
867989623
868234371
869099066
869134201
869134201
869209875
869240580
869830455
870274371
871827197
872568687
872568687
872568687
872568687
872568687
872821543
872863959
872883057
872921908
873116544
873116544
873352202
873500586
873500586
874213241
874330872
874515445
874684982
874858740
875238256
875238256
876583836
876810900
876851477
876984382
876988814
877161078
877288906
877463784
877615083
877921727
878496507
878778310
879319057
879319057
879319057
879319057
879319057
879319057
879319057
879319057
879319057
879319057
879319057
879319057
879319057
879319057
879319057
879319057
879319057
879319057
879330206
879435293
880326665
88133380
88133380
881361077
881361077
881361077
881890836
881931217
882163178
882486692
882486692
882939012
882939012
883242034
883454197
883454197
883772272
883917886
883981770
885067305
885118630
885336146
885336146
885478267
885545753
885790086
885930531
886438080
88667249
886692113
887358849
887650974
888030084
888030084
888030084
888030084
888030084
888059524
88839446
888618380
888832891
890054086
890723514
89077188
890952583
891389348
892527235
892654736
892654736
893204136
893861753
894364836
895004268
895004268
895268017
895397405
895397405
895883504
89607565
896431030
896452286
896452286
89647787
896577334
897214430
897384773
897384773
897909419
898002855
898371028
898649082
898649082
898688247
899616198
89974743
89974743
89974743
89974743
899873265
8999388
900371546
900462900
900462900
900462900
900462900
900462900
900462900
900462900
900462900
900462900
900462900
900462900
900991309
901063970
901063970
901081643
901562405
902163997
902163997
902258188
902496964
902581838
903330730
903723272
903802259
903886718
904220695
904302896
904663340
904953626
905340518
905458703
905624752
905804291
906115392
906411515
907059701
907156565
907156565
907229359
907229359
907315158
907407538
907407538
907407538
907407538
907407538
907407538
907889704
908847609
908847609
909731338
909828016
910208029
91033686
910900154
910900154
910900154
910900154
910900154
911378333
911598248
911900273
911943005
912299960
912649570
912739486
91335058
913903957
913903957
914026402
914654230
914654230
91480462
91486569
91486569
91486569
91486569
914975503
915533363
916692284
91673366
916893093
917285116
917444822
917675606
918269933
918378508
918378508
918378508
91857586
918624977
918624977
918624977
918624977
918624977
918624977
918624977
919601587
919601587
919744947
920022407
920462259
920522728
920557135
920557135
920785019
920936392
921202516
921202516
921509213
921655684
922008804
922008804
922206174
923541970
923583947
92397915
92397915
925967836
926647104
926854910
927755747
927755747
927755747
927755747
927755747
927755747
927755747
927755747
927755747
927755747
927755747
928095039
929151668
929157076
929413539
929549412
929549412
92966203
929941088
929941088
930028744
931307207
931307207
931307207
931916670
932312721
932766568
934394072
934400771
93495972
93495972
935009971
935009971
935242236
935648110
936413884
936772181
936868631
937021325
937221751
937221751
937221751
937221751
937221751
937221751
937221751
937221751
937221751
937221751
937221751
938149262
93816562
93816562
93816562
93816562
93816562
93816562
93816562
93816562
93816562
93816562
93816562
93816562
93816562
93816562
93816562
93816562
93816562
93816562
93816562
93816562
93816562
93816562
93816562
93816562
93816562
938410555
938491193
939049888
939405396
939619551
939679332
940448585
940561470
940561470
940561470
940561470
940561470
940561470
940700518
941410589
941410589
941494267
941770195
941770195
941770195
941770195
941770195
941770195
941770195
941770195
941770195
942107678
943437814
94353216
94353216
943894254
943894254
943894254
944554230
944554230
94475997
94475997
94475997
94475997
94475997
944790101
945528774
945528774
946234722
946525850
946655081
946855197
946855197
946995133
947574601
947574601
948224707
948344990
949099535
949175610
949739416
950170023
950710717
950959064
950963772
951028418
951287860
951327357
951327357
951327357
951327357
951327357
951327357
951327357
951327357
951327357
951757041
952231286
952828640
952921136
95315084
953339116
953390251
953390251
953390251
953831604
953831604
95412366
95412366
95412366
95412366
95412366
95412366
95412366
95412366
954270644
956054538
957162488
957363393
957834724
958260201
958613206
958865712
959001724
959579423
959579423
959579423
959579423
959579423
959579423
959579423
959579423
959579423
959579423
959579423
959579423
959753625
95980729
960029188
960029188
960192509
960192509
960202847
960985239
960985239
960985239
960985239
960985239
961704050
9620726
962868136
962868136
963043699
963198343
9632738
9632738
9632738
9632738
9632738
9632738
9632738
9632738
9632738
9632738
9632738
9632738
9632738
9632738
9632738
9632738
9632738
9632738
9632738
9632738
9632738
9632738
9632738
9632738
9632738
9632738
964166056
964166056
964937821
965052844
965052844
965052844
965052844
96517152
96517152
96517152
965181377
965388341
965434407
965922480
966205598
966329377
966329377
966455148
966455148
966513186
966513186
966513186
966513186
966513186
966513186
966513186
966748767
966963252
96713478
967160970
968511379
968642731
969085049
969268100
969268100
969268100
969622313
970182618
970182618
970996798
970996798
971063168
971124528
971124528
971124528
971155909
971155909
971526666
971526666
971526666
971526666
971870132
972598229
972746893
972822982
972829951
972838449
973138477
973138477
973138477
973215748
974187124
974438596
975155293
976302575
976342264
976484277
977000479
977480037
977842614
977842614
978042790
978059344
978202209
978202209
978655354
979253225
979253225
979253225
979291981
979410607
979808878
979808878
981002815
981104076
981104076
981104076
981104076
981104076
981104076
981104076
981104076
981104076
981104076
982206081
982206081
982652132
982914176
983770487
983770487
983959735
98433324
985373562
986096627
986485845
986488005
986514171
98670297
986802312
987343852
990656145
990695172
990695172
990695172
990907940
991438537
991470923
991687978
991834329
991834329
991834329
991834329
991967636
991967636
991967636
992209252
992326428
992326428
992326428
992326428
992326428
992524232
993169026
993181944
993248094
993248094
993248094
993569837
993977887
993977887
993977887
99401283
994194358
994527755
994527755
994527755
994527755
994527755
994527755
994527755
994890311
995551811
995551811
997053314
997248582
997248582
997248582
997248582
997248582
997248582
997248582
997248582
997602666
997616363
997616363
99779084
99872389
999297410
999720718
